1512618004 401 0 0 0
1512633726 1026 0 0 0
1512635717 1081 0 0 0
1515488531 1095 0 0 0
1515489257 1097 0 0 0
1515492977 1116 0 0 0
1515495505 1120 0 0 0
1526631401 1126 0 0 0
1530200008 1211 0 0 0
1530249544 1228 0 0 0
1532431485 1230 0 0 0
1534143610 1425 0 0 0
1537261726 1425 35 0 0
1537263909 1425 36 0 0
1537270580 1425 36 0 0
1537271567 1425 90 0 0
1537271998 1425 91 0 0
1537272683 1425 91 0 0
1541730806 1425 152 0 0
1542091897 1425 164 0 0
1542091967 1425 165 0 0
1542961374 1425 165 5 0
1542961408 1425 165 6 0
